0 26 3
26 29 9
0 10 6
26 28 4
0 2 3
2 12 7
2 19 3
2 25 5
2 14 3
14 15 5
2 4 9
2 11 6
10 17 2
14 27 6
14 23 9
2 5 3
0 3 4
5 18 5
0 1 9
3 21 1
4 8 1
2 13 4
8 9 8
1 24 9
11 16 8
12 22 7
2 6 3
5 7 2
15 20 7
3 26 4
18 29 2
8 29 6
17 29 3
1 18 8
14 18 1
13 14 5
16 29 3
15 26 9
6 26 9
12 13 6
25 29 5
7 18 9
4 26 2
2 4 6
11 16 7
10 15 5
19 29 3
9 12 7
5 6 9
27 29 8
21 29 8
23 25 4
20 26 9
22 29 3
24 25 5
28 29 8
12 17 1
25 27 2
19 24 5
19 25 6
18 21 4
27 28 3
12 27 7
18 27 3
13 22 2
19 23 1
16 19 9
17 20 1
23 27 5
0 15 8
6 10 9
3 10 2
4 24 5
11 19 8
3 9 1
20 21 3
5 13 3
13 23 1
9 25 6
17 24 9
20 29 8
23 26 7
8 13 4
16 23 8
8 16 4
24 26 4
13 27 4
7 10 3
8 22 2
21 27 7
19 27 8
20 25 2
1 26 7
0 17 7
17 19 4
16 25 3
18 22 7
4 21 3
0 20 7
18 20 3
12 29 2
3 13 3
24 28 8
13 16 3
15 16 8
14 29 5
26 27 8
2 16 3
17 25 6
1 16 1
0 28 3
3 24 7
7 17 4
6 19 2
3 8 2
18 23 6
9 17 9
15 29 3
22 27 5
1 15 8
6 29 9
14 20 5
21 28 8
8 25 7
14 21 6
16 18 7
12 15 4
16 17 7
22 25 6
8 21 6
8 14 2
23 24 6
6 20 3
21 24 8
21 23 6
1 27 5
4 16 1
19 28 1
14 22 3
9 26 6
1 17 8
9 22 5
10 14 7
1 6 8
0 13 2
19 26 1
5 9 3
13 25 6
24 29 2
9 15 4
