0 87
0 21
21 31
0 79
31 90
31 50
0 66
21 51
21 86
21 53
51 83
31 65
31 77
90 94
53 78
0 28
90 99
31 56
21 63
79 98
31 32
63 89
31 82
0 88
31 52
86 93
78 95
0 40
32 61
65 74
61 62
66 68
0 6
50 81
50 57
74 91
0 29
32 72
21 54
6 11
32 36
31 67
29 84
61 97
0 8
6 19
51 96
51 59
40 69
40 58
11 20
69 73
20 48
51 92
11 24
65 76
8 85
8 22
6 25
32 33
8 23
6 14
66 80
36 39
39 49
53 70
66 75
22 30
23 46
49 60
22 34
39 43
34 47
57 64
0 3
19 38
3 71
0 7
8 12
40 42
11 18
3 44
3 15
7 16
12 13
29 37
36 55
32 35
34 41
37 45
3 9
6 26
22 27
6 10
16 17
3 4
3 5
0 1
0 2
87 99
86 99
50 99
52 99
85 99
27 99
42 99
89 99
76 99
2 99
96 99
23 99
79 99
72 99
7 99
57 99
93 99
62 99
22 99
10 99
54 90
11 99
1 99
45 90
9 99
94 99
28 99
64 99
26 99
65 99
13 90
35 99
95 99
67 99
33 90
83 99
78 99
29 99
44 99
71 99
56 99
73 90
66 90
24 99
51 99
68 99
5 99
32 99
25 90
16 90
77 99
18 99
55 99
70 99
82 99
46 99
88 99
80 99
60 99
37 99
84 99
74 99
38 99
69 99
53 99
34 99
6 90
30 90
19 99
3 90
20 90
17 90
91 99
41 99
36 99
15 99
43 99
39 99
75 99
48 99
14 99
63 99
81 99
4 90
58 99
98 99
40 99
92 99
8 90
59 99
12 99
61 99
49 90
47 99
97 99
30 80
21 96
55 65
44 59
52 96
71 82
33 83
66 79
83 97
75 89
60 70
18 55
85 94
30 82
69 82
9 85
56 86
0 71
26 29
46 69
71 90
24 34
89 91
94 96
78 93
33 40
88 91
54 56
60 87
13 97
79 96
42 77
44 83
42 92
74 95
85 96
88 89
8 79
93 95
18 29
21 83
87 91
84 88
6 27
19 86
74 87
12 31
32 42
5 49
12 45
89 94
77 94
33 45
10 72
50 53
44 70
6 88
28 83
96 97
79 85
34 92
32 95
60 72
88 98
49 70
49 98
49 80
15 80
27 88
63 93
52 97
37 88
19 20
70 76
10 53
7 47
0 14
81 87
28 80
19 94
38 90
29 48
5 50
72 96
39 64
84 92
94 95
38 84
0 19
18 92
74 98
27 54
35 57
85 93
97 98
16 55
7 32
1 16
83 96
84 86
55 76
45 54
51 74
14 31
51 85
66 69
40 74
80 92
45 60
1 5
75 84
51 78
74 97
53 83
46 84
13 26
86 88
78 80
33 72
44 47
67 95
5 92
72 90
86 92
56 82
95 97
92 98
27 60
20 86
74 75
91 94
69 78
27 62
30 87
51 77
58 90
58 67
12 92
40 75
74 88
32 57
9 62
30 35
88 94
23 36
91 93
19 41
44 98
65 67
70 94
17 25
83 92
82 97
93 96
51 57
80 93
51 98
85 95
64 92
7 42
48 74
36 97
7 20
80 81
2 27
32 59
96 98
21 71
28 64
78 96
23 80
8 19
63 96
83 94
88 97
59 87
38 96
73 76
20 75
32 62
26 80
17 44
28 61
94 98
59 83
2 63
20 23
51 81
25 50
20 58
1 12
22 93
34 60
95 96
43 48
24 47
83 95
14 87
1 79
83 89
87 98
19 42
70 71
83 84
64 65
62 88
68 97
81 86
29 46
73 80
54 65
11 74
40 84
66 92
82 98
36 66
57 65
95 98
6 36
59 80
39 52
62 79
81 92
0 74
11 79
74 89
18 52
23 96
87 97
8 69
27 56
47 55
62 84
71 73
34 75
43 86
7 28
70 75
32 47
80 87
8 25
91 92
16 67
83 86
77 95
0 35
25 46
7 43
73 81
65 68
47 49
69 81
10 81
49 94
50 64
10 76
20 26
8 64
14 47
4 58
58 84
84 96
21 22
94 97
22 49
57 63
92 93
25 32
42 53
3 64
88 96
84 91
19 25
69 87
23 85
66 67
63 75
83 98
81 96
82 89
80 91
79 97
49 56
80 88
9 67
32 67
44 68
57 90
91 98
74 90
49 76
46 51
78 83
75 93
77 80
15 94
5 58
8 76
57 58
20 32
51 65
85 90
18 66
67 91
83 91
58 95
83 85
61 78
65 72
55 97
59 72
76 83
79 93
66 95
35 73
9 88
11 55
24 62
84 93
53 57
6 29
48 89
31 72
46 87
23 90
13 20
88 95
74 86
26 91
45 49
74 78
92 96
40 94
8 13
31 33
40 53
36 42
60 80
20 62
76 95
19 68
17 91
15 98
41 76
54 74
59 93
89 96
22 71
7 30
20 59
1 23
70 98
83 87
71 76
8 53
92 97
43 54
92 94
45 68
12 53
20 39
79 87
84 90
69 94
67 94
25 86
93 94
16 86
13 63
67 77
69 75
86 95
13 71
20 92
43 78
65 92
0 13
39 51
40 63
63 85
52 94
5 68
34 78
37 98
26 98
66 86
82 96
38 67
10 36
40 86
87 96
76 79
12 33
66 77
76 94
53 58
42 50
19 72
1 10
15 83
93 97
34 51
12 83
65 98
83 90
46 93
69 91
53 87
71 89
51 82
34 88
34 53
83 93
12 66
32 58
73 74
35 77
0 47
6 80
62 81
53 76
30 77
70 91
20 80
1 68
42 58
82 85
53 67
40 81
30 84
53 96
21 95
15 78
23 61
82 88
32 77
35 38
65 91
91 97
91 95
71 79
92 95
40 43
10 34
78 85
19 28
16 53
12 82
45 95
77 90
89 97
30 61
80 96
83 88
0 80
54 98
36 92
63 97
57 78
29 58
7 18
58 66
73 79
55 67
59 84
61 94
44 95
1 93
40 79
27 47
81 95
35 70
2 88
43 53
65 87
38 68
61 70
78 97
93 98
0 59
32 96
81 91
13 79
46 95
77 79
16 82
42 76
57 98
68 93
65 85
67 87
87 94
33 65
80 90
52 90
47 50
80 98
37 62
78 86
26 66
36 94
24 88
62 73
65 97
0 98
20 45
14 19
53 95
35 39
2 95
29 98
48 86
85 98
4 98
16 61
9 60
30 92
15 27
49 59
21 55
25 84
51 71
86 94
39 69
5 74
67 68
34 49
33 81
70 81
56 95
1 47
40 57
56 68
57 75
18 54
21 79
60 90
59 63
84 89
42 45
53 69
63 68
90 96
4 89
90 95
87 88
2 65
55 93
45 83
39 77
27 77
82 87
77 89
24 51
53 73
17 30
13 76
62 96
39 94
55 56
76 86
14 94
59 79
84 95
49 51
42 57
13 82
44 91
48 87
71 93
47 59
71 83
48 62
90 92
27 86
20 73
26 32
62 65
74 80
88 92
73 78
33 43
37 55
84 97
1 59
65 94
87 89
84 87
3 86
10 47
3 25
61 74
64 76
61 81
61 65
73 91
85 89
15 29
80 85
8 17
2 76
9 86
19 65
33 44
68 95
5 82
25 92
61 91
62 85
76 78
53 71
82 93
59 82
73 83
34 55
44 73
27 66
36 90
58 72
54 94
74 96
70 74
36 37
19 66
46 50
18 64
49 55
24 60
87 90
1 25
19 35
12 48
38 83
33 87
38 94
66 97
61 93
15 70
8 44
67 96
52 68
30 97
73 95
35 93
27 36
52 93
0 27
26 49
48 83
34 58
7 45
9 90
17 49
17 52
43 84
14 52
7 55
23 67
84 94
78 84
19 77
60 66
88 90
0 54
82 86
20 84
69 72
22 58
28 36
37 38
68 77
62 77
57 72
68 72
41 89
13 94
90 97
55 70
61 63
81 94
38 69
72 84
27 67
54 64
71 75
64 67
60 63
45 70
7 41
67 74
34 54
40 87
48 67
8 63
80 95
36 57
87 93
0 32
9 69
34 46
1 28
4 94
26 72
54 68
7 58
37 64
86 96
47 80
45 85
20 70
42 51
57 69
0 9
84 98
21 50
66 76
57 74
44 74
91 96
39 55
13 50
35 51
1 39
38 42
71 94
43 66
30 73
78 92
50 60
20 91
13 93
80 94
1 54
31 64
55 83
85 86
23 97
64 66
89 90
41 57
29 77
26 67
7 87
34 83
85 88
45 74
4 42
31 81
23 47
90 91
3 80
63 84
49 96
90 98
42 56
59 77
33 52
28 60
56 66
85 91
5 80
11 56
74 79
23 81
56 97
2 62
16 46
28 48
30 36
5 67
41 43
7 95
49 73
89 95
53 92
56 61
70 73
38 43
36 72
51 93
18 94
18 30
65 75
35 67
77 84
66 98
79 83
17 38
35 89
26 48
73 85
4 61
54 99
14 37
6 68
79 89
82 95
60 81
19 62
15 97
37 76
36 79
26 52
19 44
6 17
65 78
17 85
62 80
5 42
53 68
59 75
87 92
85 92
33 75
68 73
4 43
87 95
39 60
8 74
54 97
9 55
42 74
63 94
74 82
3 19
25 68
61 96
65 93
46 57
46 52
45 61
15 18
81 85
75 78
86 90
76 84
4 80
24 82
5 97
64 71
46 59
44 51
79 86
90 93
45 94
57 80
5 62
86 98
19 98
18 59
36 83
56 83
84 85
75 98
41 90
51 64
77 85
40 88
30 45
36 53
64 89
24 72
9 80
70 96
86 91
88 93
22 74
74 77
42 75
33 47
2 33
62 91
5 22
73 99
9 79
26 59
75 97
1 94
57 93
79 90
28 95
63 87
74 83
53 79
26 50
77 96
29 45
30 69
68 86
10 13
32 86
10 50
62 94
18 69
21 33
73 88
3 52
16 57
18 71
15 38
22 68
49 63
57 96
68 79
40 96
74 94
0 69
50 73
86 87
81 98
56 81
1 48
74 85
68 92
86 97
29 79
16 40
85 87
40 73
81 90
63 77
74 93
7 98
44 80
6 93
38 41
32 43
4 47
80 89
73 98
3 28
66 88
8 33
45 63
39 81
57 92
80 97
57 83
60 95
16 23
27 49
1 35
14 78
56 88
0 31
68 74
24 40
89 93
61 71
56 76
65 90
5 13
1 86
17 27
86 89
0 41
71 78
10 43
78 89
79 95
45 82
52 62
82 92
5 59
41 81
57 70
78 90
7 92
82 94
49 72
34 98
75 91
3 32
4 37
62 90
5 87
0 83
32 69
59 95
80 83
37 68
55 57
58 70
5 44
46 80
58 77
53 74
82 84
82 83
58 62
64 88
55 72
24 52
21 91
73 93
29 38
63 91
40 56
11 51
56 78
77 86
6 44
45 46
12 58
39 62
27 82
74 92
48 60
25 33
20 85
71 97
36 60
7 86
12 42
49 95
74 76
74 81
62 86
24 29
69 93
76 98
73 94
39 57
69 71
48 78
51 84
33 34
61 95
21 28
57 82
30 79
57 68
16 60
78 98
68 91
44 94
62 69
35 41
7 80
49 93
73 82
48 50
59 74
69 92
33 95
55 74
24 65
17 65
64 86
76 82
14 26
80 82
49 71
75 83
25 48
68 78
12 67
12 91
5 47
45 52
82 91
70 84
81 89
47 65
80 84
7 36
26 90
74 84
15 66
38 56
73 77
73 86
10 35
59 90
42 69
19 92
9 36
71 85
60 88
20 77
76 88
15 81
35 45
32 63
31 34
33 37
33 35
27 94
49 66
76 96
79 82
58 88
25 45
71 77
8 26
37 58
25 60
5 35
73 97
77 92
60 84
30 70
57 85
29 32
9 21
71 84
66 91
29 62
49 68
27 41
63 65
6 95
43 97
68 89
80 86
61 73
5 26
61 80
40 91
23 26
61 67
57 60
76 80
73 89
25 55
4 66
30 83
47 70
64 87
23 49
33 85
76 87
37 74
37 70
65 82
40 47
25 44
43 75
12 51
12 70
20 49
81 83
82 90
22 86
64 70
63 81
0 90
7 79
44 87
75 82
18 76
77 83
48 80
23 54
35 50
79 84
15 35
55 77
21 82
0 37
9 98
57 95
70 79
25 79
75 88
89 92
59 61
21 59
73 96
7 53
77 93
35 82
89 98
36 63
47 51
12 57
77 78
17 57
35 36
49 85
1 77
55 62
62 98
63 92
30 67
23 59
4 7
27 57
7 12
6 7
23 57
49 82
54 88
21 90
75 85
68 70
66 78
27 95
77 82
35 84
48 69
64 77
53 56
68 94
42 62
76 89
7 13
12 20
16 70
60 79
76 90
48 88
49 52
65 96
33 77
46 55
16 78
72 83
51 55
24 92
64 96
21 92
30 55
29 36
9 49
6 57
65 73
25 71
1 2
59 98
54 60
31 63
37 73
76 93
69 96
6 82
85 97
22 60
67 84
47 71
33 86
47 62
57 86
73 87
42 79
35 90
10 61
35 95
57 97
63 78
42 85
57 77
72 78
12 28
7 54
42 81
30 34
57 62
47 63
63 88
15 69
25 75
19 64
76 97
52 75
48 85
15 85
30 33
27 69
75 81
37 80
75 80
33 51
44 96
26 76
68 71
36 95
70 97
65 86
48 79
69 95
14 86
42 87
64 80
20 27
5 52
42 60
1 38
38 44
17 93
58 65
47 64
27 29
61 86
71 98
23 92
31 40
18 21
72 87
14 55
33 70
42 61
43 69
40 67
51 95
25 77
32 79
37 47
24 90
30 74
3 98
23 38
36 44
37 67
48 58
16 20
60 75
75 77
8 96
78 87
13 22
34 96
9 94
15 25
55 87
17 47
62 87
60 96
62 78
38 80
66 99
23 79
18 90
27 55
42 97
61 68
20 63
77 81
19 73
79 92
35 43
42 98
10 12
20 78
49 86
30 48
50 69
62 71
42 71
73 75
70 88
70 89
79 91
48 55
21 56
55 68
21 97
36 58
57 87
60 85
31 36
49 50
81 97
71 91
58 63
21 23
55 96
76 91
55 82
25 62
32 88
38 40
2 9
22 50
42 73
13 32
39 53
35 62
2 49
65 71
60 61
23 89
49 88
57 94
24 59
68 82
54 72
33 39
79 94
60 76
16 31
16 59
12 95
20 69
55 61
26 63
54 71
40 61
38 47
70 78
50 89
26 79
71 95
20 38
76 77
6 56
43 94
5 66
52 55
69 89
78 79
70 82
29 31
44 72
25 64
5 89
37 50
15 50
18 79
70 83
62 76
31 79
72 80
58 89
67 85
81 88
22 63
55 98
51 90
39 97
40 95
16 29
78 91
13 53
39 63
35 86
3 73
2 64
10 24
6 78
47 73
55 92
69 83
65 66
50 85
79 88
51 56
12 27
61 84
21 69
54 92
31 61
48 98
62 95
27 74
81 82
50 59
73 84
68 83
70 85
81 84
55 79
62 67
73 92
50 90
3 84
52 73
12 19
13 47
27 64
37 41
71 87
63 69
70 72
23 48
64 95
39 59
75 96
61 87
76 85
55 91
7 29
36 96
6 31
31 95
48 97
2 84
50 56
20 88
12 17
51 54
59 64
34 86
60 69
5 90
15 37
49 87
18 74
16 52
81 93
18 36
50 76
53 86
77 98
25 88
69 98
65 70
51 87
56 98
49 89
32 38
76 81
38 87
24 31
69 84
1 66
35 78
54 58
21 67
6 98
54 84
27 28
76 92
36 98
0 72
50 80
49 58
7 26
34 90
16 93
13 25
46 75
77 97
59 81
23 56
7 19
19 36
12 56
18 93
44 49
65 80
63 66
72 88
69 74
1 63
33 91
23 39
66 89
22 48
41 80
3 35
20 83
40 48
63 76
3 55
28 62
77 87
22 43
39 72
14 80
69 70
49 69
50 74
50 63
56 67
11 22
16 92
68 90
30 93
2 79
22 80
26 45
49 75
78 82
40 66
47 89
55 85
49 79
29 59
49 57
59 71
58 79
13 43
19 69
67 76
18 43
17 75
1 26
6 87
39 61
45 64
25 59
63 86
14 77
56 91
17 80
78 81
49 67
13 85
30 47
1 9
8 48
34 36
68 81
39 95
17 87
26 62
48 94
35 52
4 27
3 59
16 56
37 54
49 61
64 93
5 40
69 85
70 93
71 88
25 87
60 89
52 77
66 96
49 97
37 56
46 53
24 50
40 44
26 95
78 88
33 80
1 22
38 82
42 63
34 94
41 53
34 70
36 43
55 59
79 81
10 60
26 33
56 58
60 78
61 79
72 76
7 60
12 72
38 64
55 88
13 45
34 62
72 98
40 50
63 72
36 73
17 60
53 97
71 86
27 40
62 64
6 96
35 56
49 83
38 53
72 75
55 86
22 33
55 80
32 54
11 34
0 44
70 77
11 52
15 57
38 49
59 67
0 94
66 83
8 56
78 94
69 97
40 92
24 93
44 65
8 10
31 39
58 81
6 75
15 21
66 81
41 92
14 89
53 93
30 57
47 75
79 80
31 89
64 91
61 89
37 57
61 64
17 76
27 76
32 40
36 56
45 80
64 94
0 26
48 66
9 77
54 83
3 7
70 86
10 84
1 17
24 97
6 24
1 81
3 94
5 79
18 61
71 80
49 78
38 45
40 54
58 96
1 89
49 64
47 87
48 76
37 46
53 75
24 55
28 43
23 72
68 75
51 94
2 6
48 65
25 53
60 92
67 88
65 83
55 90
26 42
23 50
56 70
24 53
3 43
0 93
42 46
46 81
75 95
5 31
1 32
68 88
38 48
1 7
21 75
52 57
24 48
31 46
70 95
51 97
12 79
13 60
21 44
21 94
14 23
17 45
53 60
69 80
24 28
43 58
25 65
21 43
75 86
69 88
42 54
8 67
39 48
70 80
33 54
55 84
29 34
48 61
50 88
25 98
71 74
26 31
75 92
17 19
45 65
62 89
72 89
36 67
43 45
47 74
38 63
70 87
22 23
51 86
49 62
53 82
3 38
12 77
40 60
55 58
4 65
52 70
24 54
69 79
38 39
27 79
16 32
21 27
72 95
61 76
1 82
20 24
66 72
64 74
12 47
12 61
77 88
65 84
18 53
64 82
23 27
37 82
57 81
23 88
29 57
11 80
24 69
52 71
59 97
32 44
65 88
38 75
43 70
40 41
59 88
50 70
38 95
37 84
2 85
70 92
72 92
77 91
70 90
32 87
7 9
9 13
62 72
31 85
57 89
33 62
16 79
40 80
7 34
33 99
67 69
50 95
47 95
50 71
54 63
57 71
69 90
53 91
20 33
6 58
52 91
17 46
43 65
7 71
32 64
53 98
41 82
61 88
63 67
47 48
8 61
52 69
38 59
41 64
21 93
37 94
38 60
7 84
40 70
23 55
54 78
44 82
52 59
52 82
7 38
5 88
51 79
32 92
27 46
13 15
69 86
11 46
52 79
25 56
4 53
43 47
51 68
8 51
55 66
53 81
24 76
50 51
43 74
2 67
75 79
11 91
55 60
69 77
60 91
50 91
23 98
72 74
66 94
63 64
46 58
60 93
12 98
6 64
40 77
15 20
26 75
10 77
17 86
27 38
24 83
65 95
8 16
41 56
38 97
67 90
33 50
68 80
8 46
13 46
31 99
55 73
56 59
12 84
36 38
57 67
46 70
20 60
59 70
69 76
72 93
11 36
34 65
63 70
66 71
3 96
8 52
37 65
36 65
47 82
53 66
54 96
29 87
6 85
29 52
23 65
61 85
33 56
25 28
15 17
68 98
39 80
41 52
38 65
14 22
43 63
24 36
24 61
21 46
27 78
11 45
8 89
15 34
32 78
45 76
65 81
17 29
57 59
18 86
36 86
27 97
30 95
34 66
22 69
57 76
75 87
68 96
66 93
43 81
57 88
26 87
0 10
28 92
9 30
8 39
66 74
63 95
53 59
23 78
8 15
35 65
60 67
66 84
15 23
21 80
21 61
51 63
3 12
57 79
35 42
4 56
72 82
10 70
24 98
38 85
12 54
52 80
12 38
3 62
58 59
55 63
59 60
67 70
3 54
30 60
23 63
26 38
28 42
14 75
31 66
12 40
36 41
2 66
58 61
16 76
0 99
35 53
68 69
72 79
11 89
17 95
31 74
51 73
22 56
56 63
23 24
10 22
32 83
45 53
42 88
18 37
20 64
50 94
41 59
39 87
50 83
65 69
58 69
14 54
55 75
61 92
42 67
58 93
51 75
6 28
4 84
6 50
8 20
15 40
44 88
37 96
14 95
36 88
14 63
13 41
26 40
72 94
4 97
45 99
45 98
75 76
18 91
9 41
62 82
8 73
29 44
21 30
18 47
23 53
49 74
53 88
54 80
33 69
37 66
6 97
60 97
12 69
2 28
8 58
48 77
15 73
46 68
71 72
3 67
34 71
63 73
52 88
0 58
44 81
8 72
39 58
57 84
64 68
34 50
40 64
41 95
6 49
63 90
13 65
58 74
65 79
36 87
28 87
24 49
40 93
40 72
43 55
72 73
62 93
31 68
9 50
19 58
57 66
27 52
72 86
43 64
62 92
26 56
57 73
39 92
50 54
13 18
54 93
58 97
33 97
35 88
35 94
58 86
1 33
23 77
24 85
22 25
11 81
75 90
59 69
71 92
56 96
47 61
57 61
63 71
29 63
60 68
53 80
17 23
52 74
31 59
71 81
43 90
32 60
15 26
37 92
14 64
1 43
2 71
48 64
57 91
33 64
46 97
51 89
12 49
41 61
67 98
38 62
28 30
37 53
1 27
25 96
56 80
12 39
15 39
56 94
64 85
8 88
62 70
11 27
0 16
45 93
2 52
0 65
35 81
1 98
6 91
7 14
32 76
9 28
61 90
19 26
17 82
16 64
55 95
37 59
28 78
8 31
42 84
34 67
40 83
20 94
42 93
10 57
33 58
23 35
22 89
40 98
58 71
21 39
33 66
51 61
63 82
32 89
41 63
67 80
66 85
18 73
54 91
67 78
67 97
39 46
13 21
37 93
9 48
18 58
29 80
45 96
66 70
45 72
5 23
25 51
27 34
40 45
17 59
40 59
15 74
28 49
7 81
40 52
41 98
56 77
15 42
31 58
51 53
17 53
37 91
18 33
54 66
